0       0.972256        0.013952        0.0137918       0
0       0.938156        0.0305956       0.0312482       0.000323365
0       0.262243        0.737757        0       0.000569413
0       0.259731        0       0.740269        0.000384391
0       0       0       0       0
TG : 0.0269556
GT : 0.0261542
CG : 0.019268
AA : 0.229136
TA : 0.038523
TT : 0.14864
GG : 0.138285
GA : 0.0499098
CC : 0.0963096
AC : 0.0316981
AG : 0.049631
CA : 0.0325048
TC : 0.0271255
CT : 0.0282027
AT : 0.0380952
GC : 0.019562
-T : 0.240421
-G : 0.24063
-C : 0.169012
-A : 0.349938
C- : 0.17036
G- : 0.244844
T- : 0.229027
A- : 0.355768