0.0000000000	0.9834200000	0.0027300000	0.0138500000	0.0000000000	
0.0000000000	0.9407689802	0.0290822906	0.0298193437	0.0003293855	
0.0000000000	0.2563041074	0.7431173575	0.0000000000	0.0005785350	
0.0000000000	0.2537240150	0.0000000000	0.7459388328	0.0003371522	
0.0000000000	0.0000000000	0.0000000000	0.0000000000	0.0000000000
AA : 0.2315884411
AC : 0.0310013022
AG : 0.0484830824
AT : 0.0370163396
CA : 0.0318499259
CC : 0.0979679549
CG : 0.0186093437
CT : 0.0276256632
GA : 0.0491752074
GC : 0.0191285776
GG : 0.1406757813
GT : 0.0252680893
TA : 0.0373989993
TC : 0.0267022463
TG : 0.0262968684
TT : 0.1512121775
-A : 0.3504836712
-C : 0.1680911372
-G : 0.2413788935
-T : 0.2400462982
A- : 0.3573071772
C- : 0.1692081260
G- : 0.2442822717
T- : 0.2292024251
